0.000000000000000000e+00
5.102040816326531072e-04
1.020408163265306214e-03
1.530612244897959322e-03
2.040816326530612429e-03
2.551020408163265536e-03
3.061224489795918643e-03
3.571428571428571751e-03
4.081632653061224858e-03
4.591836734693877965e-03
5.102040816326531072e-03
5.612244897959184180e-03
6.122448979591837287e-03
6.632653061224490394e-03
7.142857142857143501e-03
7.653061224489796609e-03
8.163265306122449716e-03
8.673469387755101956e-03
9.183673469387755930e-03
9.693877551020409905e-03
1.020408163265306214e-02
1.071428571428571438e-02
1.122448979591836836e-02
1.173469387755102233e-02
1.224489795918367457e-02
1.275510204081632681e-02
1.326530612244898079e-02
1.377551020408163476e-02
1.428571428571428700e-02
1.479591836734693924e-02
1.530612244897959322e-02
1.581632653061224719e-02
1.632653061224489943e-02
1.683673469387755167e-02
1.734693877551020391e-02
1.785714285714285962e-02
1.836734693877551186e-02
1.887755102040816410e-02
1.938775510204081981e-02
1.989795918367347205e-02
2.040816326530612429e-02
2.091836734693877653e-02
2.142857142857142877e-02
2.193877551020408448e-02
2.244897959183673672e-02
2.295918367346938896e-02
2.346938775510204467e-02
2.397959183673469691e-02
2.448979591836734915e-02
2.500000000000000139e-02
