0.000000000000000000e+00
1.020408163265306253e-06
2.040816326530612507e-06
3.061224489795918549e-06
4.081632653061225014e-06
5.102040816326531479e-06
6.122448979591837097e-06
7.142857142857143562e-06
8.163265306122450028e-06
9.183673469387755646e-06
1.020408163265306296e-05
1.122448979591836858e-05
1.224489795918367419e-05
1.326530612244898151e-05
1.428571428571428712e-05
1.530612244897959444e-05
1.632653061224490006e-05
1.734693877551020567e-05
1.836734693877551129e-05
1.938775510204082030e-05
2.040816326530612592e-05
2.142857142857143153e-05
2.244897959183673715e-05
2.346938775510204277e-05
2.448979591836734839e-05
2.551020408163265740e-05
2.653061224489796301e-05
2.755102040816326863e-05
2.857142857142857425e-05
2.959183673469387987e-05
3.061224489795918887e-05
3.163265306122449449e-05
3.265306122448980011e-05
3.367346938775510573e-05
3.469387755102041135e-05
3.571428571428571697e-05
3.673469387755102258e-05
3.775510204081632820e-05
3.877551020408164060e-05
3.979591836734694621e-05
4.081632653061225183e-05
4.183673469387755745e-05
4.285714285714286307e-05
4.387755102040816869e-05
4.489795918367347431e-05
4.591836734693877992e-05
4.693877551020408554e-05
4.795918367346939116e-05
4.897959183673469678e-05
5.000000000000000240e-05
