10	5	600	85.322	3.2475e-09
10	5.5	580	66.795	3.3117e-09
10	6	570	53.58	3.5315e-09
10	6.5	560	44.973	3.8874e-09
10	7	550	37.415	4.4412e-09
10	7.5	540	31.488	5.2528e-09
10	8	540	27.411	6.4138e-09
10	8.5	530	24.669	8.1149e-09
10	9	530	21.708	1.0554e-08
10	9.5	520	19.593	1.327e-08
15	10.5	550	39.077	1.2414e-08
15	11.25	540	33.342	1.4548e-08
15	12	540	28.591	1.8155e-08
15	12.75	530	25.702	2.2137e-08
15	13.5	530	22.699	2.586e-08
15	14.25	520	20.282	2.6974e-08
15	5.25	680	206.06	3.9478e-08
15	6	640	159.06	2.8676e-08
15	6.75	620	115.03	1.8985e-08
15	7.5	580	71.038	1.2207e-08
15	8.25	580	71.038	7.9525e-09
15	9	570	57.505	5.3623e-09
15	9.75	560	46.781	3.7543e-09
20	10	600	94.006	1.2844e-08
20	11	580	74.373	1.3027e-08
20	12	570	59.629	1.3798e-08
20	13	560	48.344	1.5175e-08
20	14	550	40.222	1.7447e-08
20	15	540	34.163	2.0881e-08
20	16	540	29.491	2.5971e-08
20	17	530	26.3	3.3799e-08
20	18	530	23.321	4.5639e-08
20	19	520	20.736	5.951e-08
20	5	800	267.24	1.1917e-07
20	6	730	251.4	8.5634e-08
20	7	680	224.86	5.2187e-08
20	8	640	170.03	3.1137e-08
20	9	620	122.07	1.9109e-08
25	10	640	177.23	1.3077e-08
25	11.25	620	127.83	1.2298e-08
25	12.5	600	97.774	1.1896e-08
25	13.75	580	75.82	1.1912e-08
25	15	570	61.225	1.2273e-08
25	16.25	560	49.628	1.2946e-08
25	17.5	550	41.142	1.3926e-08
25	18.75	540	34.759	1.542e-08
25	21.25	530	26.804	1.7271e-08
25	22.5	530	23.914	2.1166e-08
25	23.75	520	21.095	2.7649e-08
25	5	900	315.46	8.0304e-08
25	6.25	800	288.88	1.0982e-07
25	7.5	730	270.96	1.5581e-07
25	8.75	680	240.06	2.0256e-07
30	10.5	680	248.5	1.4488e-08
30	12	650	181.63	1.3195e-08
30	13.5	620	132.4	1.2329e-08
30	15	600	100.38	1.1873e-08
30	16.5	580	76.042	1.1636e-08
30	18	570	62.148	1.1579e-08
30	19.5	560	50.5	1.167e-08
30	21	550	41.756	1.2008e-08
30	22.5	540	35.092	1.2729e-08
30	24	540	30.981	1.4038e-08
30	25.5	530	27.175	1.6101e-08
30	27	530	24.429	1.9111e-08
30	28.5	530	21.657	2.3317e-08
30	6	900	337.81	6.1208e-08
30	7.5	800	303.76	7.5717e-08
30	9	730	288.97	1.0248e-07
35	10.5	730	294.52	1.4689e-08
35	12.2	680	244.67	1.3056e-08
35	14	650	191.64	1.1917e-08
35	15.8	620	133.23	1.1191e-08
35	17.5	600	101.15	1.0568e-08
35	19.2	590	78.681	9.9982e-09
35	21	570	62.185	9.4989e-09
35	22.8	560	50.62	9.1813e-09
35	24.5	550	41.957	9.1147e-09
35	26.2	550	35.95	9.331e-09
35	28	540	31.478	9.794e-09
35	29.8	530	27.255	1.0479e-08
35	31.5	530	24.8	1.134e-08
35	33.2	530	22.224	1.23e-08
35	5.2	1080	331.3	3.1677e-08
35	7	900	354.48	3.2886e-08
35	8.8	800	315.69	3.6831e-08
40	10	800	321.75	1.3706e-08
40	12	730	288	1.1878e-08
40	14	680	235.55	1.0726e-08
40	16	650	195.65	1.0082e-08
40	18	620	131.9	9.4526e-09
40	20	600	99.364	8.6651e-09
40	22	590	79.432	7.8207e-09
40	24	580	62.194	7.1109e-09
40	26	560	50.34	6.6162e-09
40	28	560	42.237	6.3455e-09
40	30	550	36.37	6.2403e-09
40	32	540	31.66	6.2364e-09
40	34	540	27.584	6.268e-09
40	36	530	24.952	6.2735e-09
40	38	530	22.484	6.3071e-09
40	6	1080	345.03	1.511e-08
40	8	900	364.24	1.4771e-08
45	11.2	810	323.53	1.7028e-08
45	13.5	740	287.36	1.4706e-08
45	15.8	690	239.32	1.3243e-08
45	18	650	189.92	1.2459e-08
45	20.2	630	132.29	1.1687e-08
45	22.5	610	97.201	1.0677e-08
45	24.8	590	78.829	9.588e-09
45	27	580	63.188	8.6838e-09
45	29.2	570	51.567	8.047e-09
45	31.5	560	42.807	7.6747e-09
45	33.8	550	36.373	7.5073e-09
45	36	540	31.399	7.474e-09
45	38.2	540	27.93	7.4812e-09
45	40.5	530	24.794	7.4424e-09
45	42.8	530	22.522	7.4336e-09
45	6.8	1070	356.74	1.7666e-08
45	9	910	371.03	1.7233e-08
50	10	910	380.33	1.4221e-08
50	12.5	810	323.91	1.1967e-08
50	15	740	288.47	1.0569e-08
50	17.5	690	238.83	9.9074e-09
50	20	660	175.63	9.5671e-09
50	22.5	630	131.87	9.2899e-09
50	25	610	98.112	8.7308e-09
50	27.5	590	76.46	7.7334e-09
50	30	580	62.533	6.6082e-09
50	32.5	570	51.094	5.7241e-09
50	35	560	42.525	5.1361e-09
50	37.5	550	35.949	4.7517e-09
50	40	550	30.796	4.4686e-09
50	42.5	540	27.666	4.2066e-09
50	45	540	24.278	3.9828e-09
50	47.5	530	22.338	3.8432e-09
50	5	1400	367.83	1.0425e-08
50	7.5	1080	370.93	9.4826e-09
55	11	910	380.95	1.7049e-08
55	13.8	810	320.52	1.4308e-08
55	16.5	740	272.6	1.2639e-08
55	19.2	700	216.06	1.1849e-08
55	22	660	177.13	1.1427e-08
55	24.8	630	125.99	1.1092e-08
55	27.5	610	94.717	1.0436e-08
55	30.2	600	73.349	9.2338e-09
55	33	580	59.861	7.8546e-09
55	35.8	570	49.352	6.7724e-09
55	38.5	560	41.182	6.0602e-09
55	41.2	550	34.666	5.5938e-09
55	44	550	30.528	5.2429e-09
55	46.8	540	26.898	4.9178e-09
55	49.5	540	24.054	4.6435e-09
55	5.5	1400	381.69	1.1809e-08
55	52.2	530	21.738	4.5785e-09
55	8.2	1090	375.8	1.1011e-08
60	12	920	370.62	2.0091e-08
60	15	810	303.61	1.6867e-08
60	18	750	260.1	1.4861e-08
60	21	700	213.07	1.3907e-08
60	24	660	163.95	1.3427e-08
60	27	640	117.24	1.3054e-08
60	30	610	86.831	1.2277e-08
60	33	600	71.258	1.0837e-08
60	36	590	56.696	9.1927e-09
60	39	580	46.518	7.9001e-09
60	42	570	39.307	7.0401e-09
60	45	560	33.906	6.475e-09
60	48	550	29.511	6.056e-09
60	51	540	25.654	5.6669e-09
60	54	540	23.304	5.3317e-09
60	57	540	20.777	5.1155e-09
60	6	1400	393.42	1.3825e-08
60	9	1090	379.98	1.2537e-08
65	13	920	373.76	2.3331e-08
65	16.2	820	305.27	1.9593e-08
65	19.5	750	249.94	1.7223e-08
65	22.8	700	196.52	1.6093e-08
65	26	670	147.73	1.5551e-08
65	29.2	640	113.91	1.5142e-08
65	32.5	620	84.217	1.424e-08
65	35.8	600	66.127	1.2547e-08
65	39	590	54.326	1.0615e-08
65	42.2	580	45.046	9.0921e-09
65	45.5	570	37.778	8.069e-09
65	48.8	560	32.185	7.3952e-09
65	52	550	27.734	6.9013e-09
65	55.2	550	24.621	6.4424e-09
65	58.5	540	22.012	6.0406e-09
65	6.5	1400	403.22	1.5278e-08
65	9.8	1080	383.42	1.3402e-08
70	10.5	1090	389.08	1.646e-08
70	14	920	364.15	1.3276e-08
70	17.5	820	288.94	1.1281e-08
70	21	760	224.36	1.0222e-08
70	24.5	710	178.47	9.5026e-09
70	28	670	137.31	8.9707e-09
70	31.5	640	100.51	8.6859e-09
70	35	620	76.796	8.8416e-09
70	38.5	610	59.963	9.5755e-09
70	42	590	49.558	1.0535e-08
70	45.5	580	41.464	1.0135e-08
70	49	570	34.923	8.0558e-09
70	52.5	560	29.673	6.1003e-09
70	56	560	25.87	4.7818e-09
70	59.5	550	22.983	3.9323e-09
70	63	540	20.273	3.4038e-09
70	66.5	540	18.592	3.1225e-09
70	7	1410	409.65	8.1236e-09
75	11.2	1100	388	1.8598e-08
75	15	930	352.64	1.4959e-08
75	18.8	830	270.46	1.2683e-08
75	22.5	760	215.93	1.1494e-08
75	26.2	710	163.16	1.0682e-08
75	30	680	118.37	1.0057e-08
75	33.8	650	91.652	9.7059e-09
75	37.5	630	69.196	9.8631e-09
75	41.2	610	55.529	1.0695e-08
75	45	600	44.618	1.1885e-08
75	48.8	590	36.775	1.165e-08
75	52.5	580	31.423	9.3196e-09
75	56.2	570	27.296	6.9989e-09
75	60	560	23.816	5.4225e-09
75	63.8	550	20.846	4.4151e-09
75	67.5	550	18.732	3.796e-09
75	7.5	1410	418.45	9.1603e-09
75	71.2	540	16.938	3.4009e-09
80	8	1410	425.16	1.0704e-08
80	12	1100	386.21	8.1408e-09
80	16	930	343.3	6.6218e-09
80	20	830	261.64	5.8228e-09
80	24	770	190.07	5.29e-09
80	28	720	144.46	4.8845e-09
80	32	680	107.56	4.5721e-09
80	36	650	79.664	4.3444e-09
80	40	630	61.781	4.0794e-09
80	44	610	48.102	3.6882e-09
80	48	600	40.116	3.323e-09
80	52	590	33.497	3.1139e-09
80	56	580	28.438	3.0514e-09
80	60	570	24.457	3.1082e-09
80	64	560	21.219	3.3439e-09
80	68	560	18.714	3.9089e-09
80	72	550	16.848	5.1064e-09
80	76	550	15.113	7.2665e-09
85	12.8	1100	382.94	2.3814e-08
85	17	940	325.69	1.9196e-08
85	21.2	840	245.57	1.6291e-08
85	25.5	770	179.44	1.4718e-08
85	29.8	720	128.4	1.3646e-08
85	34	690	92.204	1.2867e-08
85	38.2	660	69.973	1.2455e-08
85	42.5	640	53.118	1.269e-08
85	46.8	620	42.591	1.3811e-08
85	51	600	34.29	1.5335e-08
85	55.2	590	29.066	1.4783e-08
85	59.5	580	24.714	1.1607e-08
85	63.8	570	21.212	8.6626e-09
85	68	570	18.617	6.7143e-09
85	72.2	560	16.608	5.471e-09
85	76.5	550	14.792	4.6991e-09
85	8.5	1410	430.82	1.1343e-08
85	80.8	550	13.421	4.2094e-09
90	13.5	1110	378.84	2.6139e-08
90	18	940	312.45	2.1038e-08
90	22.5	840	227.93	1.7868e-08
90	27	780	158.97	1.6176e-08
90	31.5	730	113.85	1.4977e-08
90	36	690	80.334	1.4008e-08
90	40.5	660	58.225	1.3369e-08
90	45	640	45.676	1.3396e-08
90	49.5	620	36.184	1.4408e-08
90	54	610	30.004	1.6251e-08
90	58.5	600	24.987	1.6624e-08
90	63	590	21.261	1.3576e-08
90	67.5	580	18.418	1.005e-08
90	72	570	16.168	7.6218e-09
90	76.5	560	14.301	6.0919e-09
90	81	560	12.788	5.1621e-09
90	85.5	550	11.671	4.6696e-09
90	9	1410	433.72	1.2033e-08
95	14.2	1120	369.89	2.8756e-08
95	19	950	298.69	2.3085e-08
95	23.8	850	210.16	1.9548e-08
95	28.5	780	144.27	1.7676e-08
95	33.2	740	97.573	1.6364e-08
95	38	700	69.433	1.5311e-08
95	42.8	670	50.259	1.4644e-08
95	47.5	650	38.227	1.4738e-08
95	52.2	630	30.93	1.5946e-08
95	57	610	25.1	1.8177e-08
95	61.8	600	21.156	1.8937e-08
95	66.5	590	18.074	1.5603e-08
95	71.2	580	15.653	1.1451e-08
95	76	570	13.695	8.5604e-09
95	80.8	560	12.124	6.7558e-09
95	85.5	560	10.99	5.6722e-09
95	9.5	1420	437.53	1.3471e-08
95	90.2	550	10.023	4.9459e-09
100	10	1420	440.3	1.634e-08
100	15	1120	363.29	1.2399e-08
100	20	950	281.78	1.0059e-08
100	25	850	192.79	8.8248e-09
100	30	790	129.36	8.0015e-09
100	35	740	86.627	7.3755e-09
100	40	710	58.214	6.8993e-09
100	45	680	42.202	6.5646e-09
100	50	650	31.516	6.166e-09
100	55	630	25.355	5.5375e-09
100	60	620	21.136	4.9377e-09
100	65	610	17.588	4.5857e-09
100	70	590	14.974	4.4596e-09
100	75	580	12.994	4.506e-09
100	80	580	11.47	4.8066e-09
100	85	570	10.278	5.5801e-09
100	90	560	9.3123	7.2916e-09
100	95	550	8.546	1.0579e-08
105	100	550	7.2664	3.5783e-07
105	10	1470	448.58	1.0084e-06
105	15	1150	365.83	9.0544e-07
105	20	980	280.35	8.3026e-07
105	25	880	198.95	7.6902e-07
105	30	810	130.12	7.1372e-07
105	35	760	86.297	6.5487e-07
105	40	730	57.505	5.862e-07
105	45	700	40.559	5.0598e-07
105	50	670	30.187	4.1877e-07
105	55	650	23.329	3.3353e-07
105	60	630	19.284	2.5899e-07
105	65	620	16.275	1.9841e-07
105	70	610	13.806	1.4955e-07
105	75	600	11.916	1.1204e-07
105	80	590	10.481	8.5237e-08
105	85	580	9.3624	6.766e-08
105	90	570	8.4822	5.5646e-08
105	95	560	7.793	4.6386e-08
110	100	540	6.6001	3.547e-07
110	105	530	6.363	3.5771e-07
110	10	1520	455.18	1.0098e-06
110	15	1190	367.36	8.8288e-07
110	20	1010	283.25	7.9455e-07
110	25	900	198.46	7.2685e-07
110	30	830	129.37	6.6731e-07
110	35	780	85.968	6.073e-07
110	40	750	57.214	5.4074e-07
110	45	710	39.546	4.6617e-07
110	50	690	28.978	3.8731e-07
110	55	670	21.785	3.1196e-07
110	60	650	17.236	2.4576e-07
110	65	630	14.643	1.8899e-07
110	70	620	12.553	1.4345e-07
110	75	610	10.826	1.0992e-07
110	80	600	9.4821	8.7466e-08
110	85	590	8.4343	7.1898e-08
110	90	570	7.6382	5.9803e-08
110	95	560	7.039	5.0267e-08
115	100	530	6.0429	3.4985e-07
115	105	520	5.9018	3.4906e-07
115	10	1560	461.31	9.6938e-07
115	110	520	5.7784	3.4926e-07
115	15	1220	371.47	8.3554e-07
115	20	1040	286.55	7.4381e-07
115	25	930	202.71	6.7462e-07
115	30	860	131	6.155e-07
115	35	800	85.651	5.576e-07
115	40	760	57.083	4.9554e-07
115	45	730	39.235	4.2774e-07
115	50	710	27.811	3.5815e-07
115	55	690	20.539	2.9195e-07
115	60	670	15.857	2.3084e-07
115	65	640	12.836	1.7895e-07
115	70	630	11.157	1.3909e-07
115	75	620	9.7136	1.116e-07
115	80	610	8.5013	9.2095e-08
115	85	600	7.5418	7.6693e-08
115	90	580	6.8253	6.4414e-08
115	95	570	6.2836	5.4512e-08
120	100	520	5.6003	3.4492e-07
120	105	520	5.5148	3.4078e-07
120	10	1610	465.34	9.3207e-07
120	110	520	5.4259	3.3503e-07
120	115	520	5.3233	3.2191e-07
120	15	1260	378.66	7.731e-07
120	20	1070	290.58	6.827e-07
120	25	960	203.11	6.1622e-07
120	30	880	133.31	5.605e-07
120	35	830	85.849	5.0733e-07
120	40	780	57.114	4.5117e-07
120	45	750	39.135	3.9158e-07
120	50	730	27.134	3.3098e-07
120	55	700	19.758	2.7058e-07
120	60	680	14.972	2.1578e-07
120	65	670	11.717	1.7141e-07
120	70	640	9.7116	1.3963e-07
120	75	630	8.5413	1.1635e-07
120	80	620	7.5519	9.7447e-08
120	85	610	6.7002	8.2072e-08
120	90	590	6.0516	6.9496e-08
120	95	530	5.6737	5.9276e-08
125	100	620	5.2348	3.4182e-07
125	105	620	5.1742	3.5686e-07
125	10	1650	465.49	1.0594e-06
125	110	610	5.1074	3.7066e-07
125	115	610	5.0325	3.8298e-07
125	120	600	4.9545	3.9412e-07
125	15	1300	384.55	1.6779e-06
125	20	1100	293.99	2.0197e-06
125	25	980	202.01	1.9609e-06
125	30	900	133.83	1.714e-06
125	35	850	86.215	1.3898e-06
125	40	800	57.198	1.121e-06
125	45	770	38.989	9.0495e-07
125	50	740	26.787	7.2117e-07
125	55	720	19.205	5.898e-07
125	60	700	14.306	4.9431e-07
125	65	690	11.026	4.2372e-07
125	70	670	8.7702	3.7116e-07
125	75	660	7.393	3.4167e-07
125	80	650	6.6053	3.3092e-07
125	85	640	5.9199	3.1943e-07
125	90	640	5.4423	3.1449e-07
125	95	630	5.3172	3.2737e-07
130	100	640	4.9519	3.3439e-07
130	105	630	4.8697	3.4768e-07
130	10	1700	465.68	1.0758e-06
130	110	620	4.8216	3.6259e-07
130	115	620	4.7709	3.7661e-07
130	120	610	4.7186	3.8976e-07
130	125	610	4.6601	4.0162e-07
130	15	1330	391.56	1.736e-06
130	20	1130	295.75	2.0667e-06
130	25	1010	206.42	2.0405e-06
130	30	930	134.81	1.7603e-06
130	35	870	86.473	1.4226e-06
130	40	820	57.179	1.1449e-06
130	45	790	38.939	9.2434e-07
130	50	760	26.727	7.3671e-07
130	55	740	19.002	5.9808e-07
130	60	720	13.812	4.8963e-07
130	65	700	10.489	4.1395e-07
130	70	690	8.2092	3.5715e-07
130	75	680	6.6375	3.1566e-07
130	80	670	5.7075	2.9453e-07
130	85	660	5.3074	2.9528e-07
130	90	650	5.1815	3.0902e-07
130	95	640	5.0592	3.218e-07
135	100	650	4.7272	3.2946e-07
135	105	640	4.6349	3.4185e-07
135	10	1740	462.73	1.0845e-06
135	110	640	4.5678	3.5519e-07
135	115	630	4.5324	3.703e-07
135	120	630	4.5001	3.8507e-07
135	125	620	4.4575	3.9834e-07
135	130	620	4.4201	4.1142e-07
135	15	1370	399.52	1.7985e-06
135	20	1160	295.13	2.0962e-06
135	25	1040	207.05	2.0823e-06
135	30	950	136.87	1.8201e-06
135	35	890	86.922	1.4578e-06
135	40	840	56.948	1.1637e-06
135	45	810	38.84	9.4185e-07
135	50	780	26.682	7.5202e-07
135	55	760	18.809	6.0594e-07
135	60	740	13.619	4.9461e-07
135	65	720	10.104	4.0889e-07
135	70	710	7.8004	3.4832e-07
135	75	690	6.2083	3.0333e-07
135	80	680	5.2028	2.7609e-07
135	85	670	5.0674	2.9017e-07
135	90	660	4.9425	3.0367e-07
135	95	660	4.8295	3.1675e-07
140	100	660	4.5228	3.2475e-07
140	105	660	4.4345	3.3724e-07
140	10	1790	461.02	1.0954e-06
140	110	650	4.3555	3.4952e-07
140	115	650	4.3157	3.6419e-07
140	120	640	4.294	3.7986e-07
140	125	640	4.2743	3.9523e-07
140	130	630	4.2456	4.0926e-07
140	135	630	4.2211	4.2313e-07
140	15	1400	407.82	1.8629e-06
140	20	1190	298.51	2.1533e-06
140	25	1060	210.51	2.1523e-06
140	30	970	136.74	1.8503e-06
140	35	910	87.683	1.4979e-06
140	40	860	56.609	1.1793e-06
140	45	830	38.559	9.5413e-07
140	50	800	26.646	7.6705e-07
140	55	770	18.649	6.1415e-07
140	60	750	13.444	4.9955e-07
140	65	740	9.9668	4.1305e-07
140	70	720	7.5171	3.4405e-07
140	75	710	5.875	2.9446e-07
140	80	700	4.9904	2.7189e-07
140	85	690	4.8529	2.8557e-07
140	90	680	4.7317	2.99e-07
140	95	670	4.6235	3.1215e-07
145	100	680	4.3379	3.2037e-07
145	105	670	4.2556	3.3315e-07
145	10	1830	457.66	1.102e-06
145	110	660	4.1821	3.4574e-07
145	115	660	4.1163	3.5815e-07
145	120	650	4.1035	3.7457e-07
145	125	650	4.0922	3.9077e-07
145	130	640	4.0845	4.0693e-07
145	135	640	4.0642	4.2143e-07
145	140	640	4.0483	4.3589e-07
145	15	1430	412.92	1.9127e-06
145	20	1220	300.01	2.1965e-06
145	25	1090	211.62	2.1979e-06
145	30	1000	139.43	1.9183e-06
145	35	930	88.511	1.5387e-06
145	40	880	56.385	1.1964e-06
145	45	850	38.048	9.5973e-07
145	50	820	26.484	7.7785e-07
145	55	790	18.57	6.2447e-07
145	60	770	13.35	5.0696e-07
145	65	750	9.8464	4.1738e-07
145	70	740	7.4329	3.4825e-07
145	75	730	5.6999	2.9268e-07
145	80	710	4.7967	2.6795e-07
145	85	700	4.6601	2.8138e-07
145	90	690	4.5459	2.95e-07
145	95	690	4.4334	3.0762e-07
150	100	690	4.174	3.1661e-07
150	105	670	4.2556	3.3315e-07
150	10	1880	455.32	1.1104e-06
150	110	680	4.0189	3.4174e-07
150	115	670	3.9583	3.545e-07
150	120	670	3.9268	3.6924e-07
150	125	660	3.9214	3.8602e-07
150	130	660	3.9188	4.0279e-07
150	135	650	3.9153	4.1917e-07
150	140	650	3.9047	4.3441e-07
150	145	640	3.8948	4.4932e-07
150	15	1470	418.76	1.9661e-06
150	20	1250	303.99	2.2575e-06
150	25	1110	214.38	2.2603e-06
150	30	1020	140.88	1.9693e-06
150	35	950	89.567	1.5832e-06
150	40	900	56.503	1.2201e-06
150	45	870	37.564	9.6505e-07
150	50	840	26.1	7.8136e-07
150	55	810	18.574	6.3719e-07
150	60	790	13.357	5.1782e-07
150	65	770	9.7737	4.2328e-07
150	70	760	7.361	3.5263e-07
150	75	740	5.6311	2.9587e-07
150	80	730	4.6246	2.6454e-07
150	85	720	4.4919	2.7794e-07
150	90	710	4.3712	2.909e-07
150	95	700	4.2641	3.0365e-07
155	100	710	4.0226	3.1296e-07
155	105	700	3.9414	3.255e-07
155	10	1900	441.75	1.0906e-06
155	110	690	3.8727	3.3823e-07
155	115	690	3.8124	3.5093e-07
155	120	680	3.7629	3.6392e-07
155	125	680	3.7594	3.809e-07
155	130	670	3.7607	3.9814e-07
155	135	660	3.7597	4.1487e-07
155	140	660	3.7598	4.3144e-07
155	145	660	3.7549	4.4713e-07
155	150	650	3.7484	4.6227e-07
155	15	1500	423.67	2.015e-06
155	20	1270	309.1	2.3271e-06
155	25	1140	215.03	2.3001e-06
155	30	1040	141.37	2.0063e-06
155	35	980	91.258	1.6391e-06
155	40	920	57.595	1.2647e-06
155	45	880	37.355	9.766e-07
155	50	850	25.766	7.8555e-07
155	55	830	18.413	6.4376e-07
155	60	810	13.318	5.2662e-07
155	65	790	9.7771	4.3217e-07
155	70	770	7.3085	3.576e-07
155	75	760	5.5922	3.0032e-07
155	80	750	4.4743	2.6179e-07
155	85	740	4.3396	2.7484e-07
155	90	730	4.2192	2.876e-07
155	95	720	4.113	3.002e-07
160	100	720	3.8861	3.0972e-07
160	105	720	3.8041	3.2204e-07
160	10	1900	372.5	9.3066e-07
160	110	710	3.7403	3.3508e-07
160	115	700	3.6811	3.4779e-07
160	120	700	3.6309	3.6066e-07
160	125	690	3.6039	3.7528e-07
160	130	690	3.6067	3.9269e-07
160	135	680	3.6095	4.0988e-07
160	140	680	3.6126	4.2691e-07
160	145	670	3.615	4.4359e-07
160	150	670	3.6109	4.592e-07
160	155	660	3.6037	4.7407e-07
160	15	1540	426.85	2.0556e-06
160	20	1300	314.22	2.3969e-06
160	25	1160	217.44	2.3583e-06
160	30	1070	143.52	2.0667e-06
160	35	1000	92.472	1.6865e-06
160	40	940	58.837	1.3128e-06
160	45	900	37.655	1.0011e-06
160	50	870	25.511	7.9147e-07
160	55	850	18.093	6.4412e-07
160	60	830	13.158	5.3016e-07
160	65	810	9.746	4.3928e-07
160	70	790	7.2928	3.641e-07
160	75	780	5.5722	3.0555e-07
160	80	760	4.3361	2.5922e-07
160	85	750	4.1976	2.7181e-07
160	90	740	4.0797	2.845e-07
160	95	730	3.9767	2.9715e-07
165	100	740	3.7621	3.0681e-07
165	105	730	3.6862	3.1952e-07
165	10	1900	291.9	7.377e-07
165	110	730	3.6163	3.3191e-07
165	115	720	3.5608	3.4488e-07
165	120	710	3.5115	3.5778e-07
165	125	710	3.4695	3.7082e-07
165	130	700	3.4609	3.8699e-07
165	135	700	3.4632	4.0415e-07
165	140	690	3.4653	4.2108e-07
165	145	690	3.4743	4.3867e-07
165	150	680	3.4717	4.5456e-07
165	155	680	3.4663	4.6978e-07
165	15	1570	431.72	2.1042e-06
165	160	670	3.4604	4.8459e-07
165	20	1330	319.53	2.4684e-06
165	25	1190	218.31	2.3995e-06
165	30	1090	145.42	2.1236e-06
165	35	1020	93.455	1.7296e-06
165	40	970	59.967	1.3587e-06
165	45	920	38.381	1.0368e-06
165	50	890	25.421	8.0192e-07
165	55	870	17.789	6.444e-07
165	60	840	12.993	5.33e-07
165	65	820	9.6318	4.423e-07
165	70	810	7.2829	3.7068e-07
165	75	790	5.5604	3.1103e-07
165	80	780	4.309	2.6294e-07
165	85	770	4.0726	2.6935e-07
165	90	760	3.9555	2.8191e-07
165	95	750	3.8513	2.9429e-07
170	100	760	3.6491	3.042e-07
170	105	750	3.5735	3.168e-07
170	10	1900	226.43	5.7864e-07
170	110	740	3.5066	3.2937e-07
170	115	730	3.4516	3.4231e-07
170	120	730	3.4022	3.5516e-07
170	125	720	3.3602	3.6817e-07
170	130	720	3.3224	3.8106e-07
170	135	710	3.3276	3.9854e-07
170	140	710	3.3382	4.1656e-07
170	145	700	3.3438	4.3381e-07
170	150	700	3.3493	4.5088e-07
170	155	690	3.3493	4.6698e-07
170	15	1600	434.73	2.1436e-06
170	160	690	3.34	4.8146e-07
170	165	690	3.3277	4.9514e-07
170	20	1360	323.19	2.5273e-06
170	25	1210	221.15	2.462e-06
170	30	1110	146.52	2.1687e-06
170	35	1040	94.337	1.7707e-06
170	40	990	60.852	1.3992e-06
170	45	940	39.263	1.0771e-06
170	50	910	25.673	8.2295e-07
170	55	880	17.65	6.5005e-07
170	60	860	12.787	5.3366e-07
170	65	840	9.5155	4.4482e-07
170	70	830	7.196	3.7307e-07
170	75	810	5.5345	3.1552e-07
170	80	800	4.3101	2.6822e-07
170	85	790	3.9637	2.675e-07
170	90	780	3.8407	2.7948e-07
170	95	770	3.7417	2.921e-07
180	100	790	3.455	3.001e-07
180	105	780	3.3786	3.1242e-07
180	10	1900	144.11	3.7617e-07
180	110	770	3.3124	3.2485e-07
180	115	770	3.2551	3.3743e-07
180	120	760	3.2061	3.502e-07
180	125	750	3.1644	3.6316e-07
180	130	750	3.1281	3.7619e-07
180	135	740	3.0956	3.8916e-07
180	140	740	3.0747	4.0316e-07
180	145	730	3.0793	4.2023e-07
180	150	730	3.0824	4.3695e-07
180	155	730	3.0821	4.53e-07
180	15	1670	435.73	2.1965e-06
180	160	720	3.0789	4.6838e-07
180	165	720	3.0703	4.8265e-07
180	170	710	3.0574	4.9588e-07
180	175	550	3.0394	5.0788e-07
180	20	1410	331.48	2.6528e-06
180	25	1260	225.98	2.5776e-06
180	30	1160	149.36	2.2676e-06
180	35	1080	95.982	1.8502e-06
180	40	1030	62.28	1.4724e-06
180	45	980	40.738	1.1504e-06
180	50	950	26.897	8.8855e-07
180	55	920	18.12	6.8857e-07
180	60	900	12.638	5.4484e-07
180	65	880	9.2166	4.4553e-07
180	70	860	6.9677	3.7396e-07
180	75	850	5.383	3.1805e-07
180	80	830	4.2348	2.7341e-07
180	85	820	3.7692	2.6419e-07
180	90	810	3.6488	2.7607e-07
180	95	800	3.545	2.8804e-07
190	100	820	3.2943	2.9715e-07
190	105	820	3.2158	3.091e-07
190	10	1900	100.8	2.6843e-07
190	110	810	3.1493	3.2136e-07
190	115	800	3.0888	3.3346e-07
190	120	790	3.0419	3.4636e-07
190	125	790	2.9953	3.5868e-07
190	130	780	2.958	3.7153e-07
190	135	780	2.9231	3.8416e-07
190	140	770	2.8931	3.9693e-07
190	145	770	2.8653	4.0955e-07
190	150	760	2.8397	4.2201e-07
190	155	760	2.815	4.3416e-07
190	15	1730	435.8	2.243e-06
190	160	750	2.8024	4.478e-07
190	165	750	2.794	4.6179e-07
190	170	750	2.7811	4.7471e-07
190	175	740	2.7667	4.8703e-07
190	180	560	2.7487	4.9831e-07
190	185	560	2.7282	5.0873e-07
190	20	1470	338.71	2.7701e-06
190	25	1310	231.42	2.7002e-06
190	30	1200	152.23	2.3667e-06
190	35	1120	98.505	1.9464e-06
190	40	1070	63.674	1.5447e-06
190	45	1020	41.712	1.2099e-06
190	50	990	28.031	9.5217e-07
190	55	960	19.057	7.4541e-07
190	60	930	13.232	5.8779e-07
190	65	910	9.3943	4.684e-07
190	70	890	6.8778	3.8112e-07
190	75	880	5.2232	3.1894e-07
190	80	870	4.0773	2.7232e-07
190	85	850	3.6117	2.6214e-07
190	90	840	3.4908	2.7376e-07
190	95	830	3.3856	2.8541e-07
200	100	860	3.1617	2.9532e-07
200	105	850	3.0793	3.0676e-07
200	10	1900	76.147	2.0664e-07
200	110	840	3.0125	3.1886e-07
200	115	840	2.9537	3.3106e-07
200	120	830	2.9008	3.432e-07
200	125	820	2.8541	3.5543e-07
200	130	820	2.8131	3.6775e-07
200	135	810	2.7749	3.7989e-07
200	140	800	2.7432	3.924e-07
200	145	800	2.7134	4.0469e-07
200	150	790	2.6822	4.163e-07
200	155	790	2.6581	4.2852e-07
200	15	1800	432.24	2.2685e-06
200	160	790	2.633	4.4014e-07
200	165	780	2.6093	4.5156e-07
200	170	780	2.5876	4.6288e-07
200	175	780	2.5661	4.7382e-07
200	180	560	2.5461	4.8459e-07
200	185	560	2.5246	4.9466e-07
200	190	560	2.506	5.0485e-07
200	195	560	2.4859	5.1433e-07
200	20	1520	345.43	2.8832e-06
200	25	1360	236.67	2.8208e-06
200	30	1250	155.05	2.4646e-06
200	35	1170	100.96	2.0416e-06
200	40	1110	65.267	1.6219e-06
200	45	1060	42.629	1.2679e-06
200	50	1030	28.772	1.003e-06
200	55	1000	19.816	7.9622e-07
200	60	970	13.933	6.3637e-07
200	65	950	9.9611	5.1113e-07
200	70	930	7.2443	4.135e-07
200	75	910	5.395	3.3964e-07
200	80	900	4.1006	2.8262e-07
200	85	890	3.4813	2.6097e-07
200	90	880	3.3589	2.723e-07
200	95	870	3.2542	2.8383e-07