0.249	0.2273607520796646
0.25	0.22466808256845047
0.251	0.21887607501653106
0.252	0.21577653082522538
0.253	0.21320033890230705
0.254	0.21062414697938875
0.255	0.2082948989241472
0.256	0.20628418365035972
0.257	0.20427346837657226
0.258	0.20226275310278477
0.259	0.20057271996360798
0.26	0.1988928988919784
0.261	0.19721307782034883
0.262	0.1957079617172937
0.263	0.1950771338905683
0.264	0.1944463060638429
0.265	0.19381547823711748
0.266	0.1931846504103921
0.267	0.19255382258366668
0.268	0.19192299475694127
0.269	0.19129216693021586
0.27	0.19066133910349048
0.271	0.19057151704073413
0.272	0.1906881570086957
0.273	0.19080479697665725
0.274	0.1909214369446188
0.275	0.19103807691258037
0.276	0.19115471688054192
0.277	0.19127135684850347
0.278	0.19138799681646504
0.279	0.19150463678442659
0.28	0.19162127675238813
0.281	0.1917379167203497
0.28200000000000003	0.19185455668831125
0.28300000000000003	0.19204194218028808
0.28400000000000003	0.19255849060983213
0.28500000000000003	0.19307503903937615
0.286	0.19359158746892013
0.287	0.19410813589846418
0.288	0.1946246843280082
0.289	0.1951412327575522
0.29	0.19565778118709626
0.291	0.19617432961664028
0.292	0.1966908780461843
0.293	0.19720742647572834
0.294	0.19772397490527235
0.295	0.19824052333481637
0.296	0.19882296382917825
0.297	0.19941572814635886
0.298	0.20000849246353947
0.299	0.20060125678072008
0.3	0.20119402109790072
0.301	0.20178678541508133
0.302	0.20237954973226194
0.303	0.20297231404944255
0.304	0.2035650783666232
0.305	0.2041578426838038
0.306	0.2047506070009844
0.307	0.20532355506707667
0.308	0.2057732299149894
0.309	0.20622290476290212
0.31	0.20667257961081487
0.311	0.2071222544587276
0.312	0.2075719293066403
0.313	0.20802160415455306
0.314	0.2084712790024658
0.315	0.2089209538503785
0.316	0.20937062869829126
0.317	0.20982030354620398
0.318	0.2102699783941167
0.319	0.21071965324202946
0.32	0.2109695339925848
0.321	0.2111773652082254
0.322	0.21138519642386597
0.323	0.21159302763950655
0.324	0.21180085885514716
0.325	0.21200869007078774
0.326	0.21221652128642832
0.327	0.2124243525020689
0.328	0.2126321837177095
0.329	0.21284001493335009
0.33	0.21304784614899067
0.331	0.21325567736463125
0.332	0.21346350858027185
0.333	0.21337433724676497
0.334	0.21326193873218385
0.335	0.2131495402176027
0.336	0.21303714170302157
0.33699999999999997	0.21292474318844046
0.33799999999999997	0.21281234467385932
0.33899999999999997	0.21269994615927817
0.33999999999999997	0.21258754764469703
0.34099999999999997	0.21247514913011592
0.34199999999999997	0.21236275061553478
0.34299999999999997	0.21225035210095364
0.344	0.2121379535863725
0.345	0.21201718374780854
0.346	0.2116141648870804
0.347	0.2112111460263523
0.348	0.2108081271656242
0.349	0.21040510830489606
0.35	0.21000208944416796
0.351	0.20959907058343985
0.352	0.20919605172271175
0.353	0.2087930328619836
0.354	0.2083900140012555
0.355	0.2079869951405274
0.356	0.20758397627979927
0.357	0.20718095741907117
0.358	0.20662289671624262
0.359	0.20600347368638455
0.36	0.2053840506565265
0.361	0.20476462762666847
0.362	0.2041452045968104
0.363	0.20352578156695236
0.364	0.20290635853709432
0.365	0.20228693550723625
0.366	0.2016675124773782
0.367	0.20104808944752017
0.368	0.20041134066704133
0.369	0.19968562136638054
0.37	0.19895990206571976
0.371	0.19823418276505897
0.372	0.19750846346439815
0.373	0.19678274416373737
0.374	0.19605702486307658
0.375	0.19533130556241576
0.376	0.19460558626175498
0.377	0.1938798669610942
0.378	0.19312634154117533
0.379	0.1923650713502796
0.38	0.19160380115938386
0.381	0.19084253096848813
0.382	0.1900812607775924
0.383	0.18931999058669666
0.384	0.18855872039580093
0.385	0.1877974502049052
0.386	0.18703618001400946
0.387	0.18626223842885106
0.388	0.18548813784147952
0.389	0.184714037254108
0.39	0.18393993666673647
0.391	0.18316583607936496
0.392	0.18239173549199345
0.393	0.1816176349046219
0.394	0.1808435343172504
0.395	0.18007957804780417
0.396	0.17935802098885725
0.397	0.1786364639299103
0.398	0.1779149068709634
0.399	0.17719334981201645
0.4	0.17647179275306954
0.401	0.17575023569412263
0.402	0.17502867863517568
0.403	0.17430712157622877
0.404	0.1735828861723344
0.405	0.1728546084295192
0.406	0.17212633068670402
0.40700000000000003	0.17139805294388882
0.40800000000000003	0.17066977520107365
0.40900000000000003	0.16994149745825846
0.41000000000000003	0.16921321971544329
0.41100000000000003	0.1684849419726281
0.41200000000000003	0.16775666422981292
0.41300000000000003	0.16706913727835593
0.41400000000000003	0.16640832993045346
0.41500000000000004	0.16574752258255102
0.41600000000000004	0.16508671523464857
0.41700000000000004	0.1644259078867461
0.41800000000000004	0.16376510053884366
0.41900000000000004	0.1631042931909412
0.42000000000000004	0.16244348584303875
0.42100000000000004	0.16178267849513628
0.42200000000000004	0.16112187114723384
0.42300000000000004	0.16051907024827042
0.42400000000000004	0.15994934880476042
0.425	0.15937962736125047
0.426	0.15880990591774047
0.427	0.1582401844742305
0.428	0.1576704630307205
0.429	0.1571007415872105
0.43	0.15653102014370052
0.431	0.15596129870019051
0.432	0.15539157725668054
0.433	0.15482185581317054
0.434	0.15425213436966054
0.435	0.15377443848913175
0.436	0.15330575789059533
0.437	0.15283707729205892
0.438	0.15236839669352248
0.439	0.15189971609498606
0.44	0.15143103549644962
0.441	0.1509623548979132
0.442	0.15049367429937677
0.443	0.15002499370084035
0.444	0.14955631310230394
0.445	0.1490876325037675
0.446	0.14861895190523108
0.447	0.14815140166470905
0.448	0.14777603304054188
0.449	0.1474006644163747
0.45	0.14702529579220752
0.451	0.14664992716804034
0.452	0.14627455854387317
0.453	0.14589918991970596
0.454	0.14552382129553879
0.455	0.1451484526713716
0.456	0.14477308404720443
0.457	0.14439771542303725
0.45799999999999996	0.1440223467988701
0.45899999999999996	0.14364697817470293
0.45999999999999996	0.1432817147469342
0.46099999999999997	0.14299541664375584
0.46199999999999997	0.1427091185405775
0.46299999999999997	0.14242282043739912
0.46399999999999997	0.14213652233422075
0.46499999999999997	0.1418502242310424
0.46599999999999997	0.14156392612786403
0.46699999999999997	0.1412776280246857
0.46799999999999997	0.1409913299215073
0.469	0.14070503181832897
0.47	0.1404187337151506
0.471	0.14013243561197222
0.472	0.13984613750879388
0.473	0.13956940511296168
0.474	0.13932764227027772
0.475	0.13908587942759376
0.476	0.13884411658490983
0.477	0.13860235374222588
0.478	0.13836059089954192
0.479	0.138118828056858
0.48	0.13787706521417403
0.481	0.13763530237149008
0.482	0.13739353952880615
0.483	0.1371517766861222
0.484	0.13691001384343826
0.485	0.1366682510007543
0.486	0.13644123739439643
0.487	0.1362461305388971
0.488	0.13605102368339775
0.489	0.13585591682789844
0.49	0.1356608099723991
0.491	0.13546570311689976
0.492	0.13527059626140045
0.493	0.1350754894059011
0.494	0.13488038255040177
0.495	0.13468527569490246
0.496	0.13449016883940312
0.497	0.13429506198390379
0.498	0.13409995512840447
0.499	0.13391635756020606
0.5	0.1337488201516795
0.501	0.1335812827431529
0.502	0.1334137453346263
0.503	0.1332462079260997
0.504	0.1330786705175731
0.505	0.1329111331090465
0.506	0.1327435957005199
0.507	0.13257605829199332
0.508	0.13240852088346672
0.509	0.13224098347494012
0.51	0.13207344606641355
0.511	0.13190590865788696
0.512	0.13173397029035333
0.513	0.1315579499750659
0.514	0.13138192965977843
0.515	0.131205909344491
0.516	0.13102988902920357
0.517	0.13085386871391613
0.518	0.1306778483986287
0.519	0.13050182808334126
0.52	0.1303258077680538
0.521	0.13014978745276637
0.522	0.12997376713747893
0.523	0.1297977468221915
0.524	0.12962172650690407
0.525	0.12945491223959457
0.526	0.12929373701113858
0.527	0.12913256178268262
0.528	0.12897138655422666
0.529	0.1288102113257707
0.53	0.12864903609731473
0.531	0.12848786086885877
0.532	0.1283266856404028
0.533	0.12816551041194685
0.534	0.12800433518349089
0.535	0.12784315995503492
0.536	0.12768198472657896
0.537	0.127520809498123
0.538	0.12736116432933756
0.5389999999999999	0.1272021098275718
0.54	0.12704305532580604
0.5409999999999999	0.1268840008240403
0.542	0.12672494632227452
0.5429999999999999	0.12656589182050879
0.544	0.126406837318743
0.5449999999999999	0.12624778281697727
0.546	0.12608872831521148
0.5469999999999999	0.12592967381344575
0.548	0.12577061931168
0.5489999999999999	0.12561156480991423
0.55	0.12545251030814847
0.5509999999999999	0.125258556413785
0.552	0.12505708737821503
0.5529999999999999	0.1248556183426451
0.554	0.12465414930707511
0.5549999999999999	0.12445268027150518
0.556	0.1242512112359352
0.5569999999999999	0.12404974220036526
0.558	0.12384827316479528
0.5589999999999999	0.12364680412922535
0.56	0.12344533509365536
0.5609999999999999	0.12324386605808543
0.562	0.12304239702251546
0.563	0.12284092798694553
0.5640000000000001	0.12265317810850039
0.565	0.12246655415976192
0.5660000000000001	0.12227993021102342
0.567	0.12209330626228496
0.5680000000000001	0.12190668231354644
0.569	0.12172005836480798
0.5700000000000001	0.12153343441606948
0.571	0.121346810467331
0.5720000000000001	0.1211601865185925
0.573	0.12097356256985405
0.5740000000000001	0.12078693862111553
0.575	0.12060031467237707
0.5760000000000001	0.12041277165504526
0.577	0.12019009535257323
0.5780000000000001	0.11996741905010115
0.579	0.11974474274762911
0.5800000000000001	0.11952206644515703
0.581	0.119299390142685
0.5820000000000001	0.11907671384021291
0.583	0.11885403753774088
0.5840000000000001	0.1186313612352688
0.585	0.11840868493279676
0.5860000000000001	0.11818600863032468
0.587	0.11796333232785265
0.5880000000000001	0.11774065602538056
0.589	0.11751851766854414
0.5900000000000001	0.11730008281945248
0.591	0.11708164797036087
0.5920000000000001	0.11686321312126921
0.593	0.11664477827217759
0.5940000000000001	0.11642634342308593
0.595	0.11620790857399432
0.5960000000000001	0.11598947372490266
0.597	0.11577103887581104
0.5980000000000001	0.11555260402671938
0.599	0.11533416917762777
0.6000000000000001	0.11511573432853611
0.601	0.11489729947944449
0.602	0.11467305803702665
0.603	0.1144291744676525
0.604	0.11418529089827834
0.605	0.11394140732890418
0.606	0.11369752375953002
0.607	0.11345364019015586
0.608	0.1132097566207817
0.609	0.11296587305140754
0.61	0.11272198948203338
0.611	0.11247810591265922
0.612	0.11223422234328506
0.613	0.1119903387739109
0.614	0.11174645520453674
0.615	0.11149907767147979
0.616	0.11124459046865458
0.617	0.11099010326582938
0.618	0.11073561606300417
0.619	0.11048112886017897
0.62	0.11022664165735375
0.621	0.10997215445452854
0.622	0.10971766725170334
0.623	0.10946318004887813
0.624	0.10920869284605293
0.625	0.10895420564322772
0.626	0.1086997184404025
0.627	0.10844523123757731
0.628	0.10817795219700899
0.629	0.10789377482052083
0.63	0.10760959744403269
0.631	0.10732542006754453
0.632	0.10704124269105639
0.633	0.10675706531456823
0.634	0.10647288793808007
0.635	0.10618871056159193
0.636	0.10590453318510377
0.637	0.10562035580861562
0.638	0.10533617843212748
0.639	0.10505200105563932
0.64	0.10476782367915116
0.641	0.10448590352797364
0.642	0.10420596760486592
0.643	0.10392603168175818
0.644	0.10364609575865046
0.645	0.10336615983554272
0.646	0.103086223912435
0.647	0.10280628798932726
0.648	0.10252635206621953
0.649	0.10224641614311179
0.65	0.10196648022000407
0.651	0.10168654429689633
0.652	0.1014066083737886
0.653	0.10112667245068087
0.654	0.10084136243711439
0.655	0.10055294360724581
0.656	0.10026452477737725
0.657	0.09997610594750868
0.658	0.09968768711764012
0.659	0.09939926828777154
0.66	0.09911084945790298
0.661	0.0988224306280344
0.662	0.09853401179816584
0.663	0.09824559296829727
0.664	0.09795717413842871
0.665	0.09766875530856013
0.6659999999999999	0.0973803364786916
0.667	0.09708724235110079
0.6679999999999999	0.09679246134116162
0.669	0.09649768033122239
0.6699999999999999	0.09620289932128322
0.671	0.09590811831134398
0.6719999999999999	0.09561333730140481
0.673	0.09531855629146557
0.6739999999999999	0.0950237752815264
0.675	0.09472899427158717
0.6759999999999999	0.094434213261648
0.677	0.09413943225170876
0.6779999999999999	0.09384465124176959
0.679	0.09354987023183035
0.6799999999999999	0.09324799585175741
0.681	0.09294473193505734
0.6819999999999999	0.09264146801835733
0.683	0.09233820410165727
0.6839999999999999	0.09203494018495727
0.685	0.09173167626825719
0.6859999999999999	0.09142841235155719
0.687	0.09112514843485711
0.688	0.09082188451815712
0.6890000000000001	0.09051862060145704
0.69	0.09021535668475704
0.6910000000000001	0.08991209276805696
0.692	0.08960882885135696
0.6930000000000001	0.08931749444961382
0.694	0.08902695489305507
0.6950000000000001	0.08873641533649626
0.696	0.08844587577993751
0.6970000000000001	0.08815533622337869
0.698	0.08786479666681996
0.6990000000000001	0.08757425711026114
0.7	0.0872837175537024
0.7010000000000001	0.08699317799714358
0.702	0.08670263844058483
0.7030000000000001	0.08641209888402603
0.704	0.08612155932746728
0.7050000000000001	0.08583101977090847
0.706	0.08554048021434972
0.7070000000000001	0.0852499406577909
0.708	0.08495940110123215
0.7090000000000001	0.08466886154467335
0.71	0.0843783219881146
0.7110000000000001	0.08408778243155578
0.712	0.08379724287499703
0.7130000000000001	0.08350670331843821
0.714	0.08321616376187946
0.7150000000000001	0.08292562420532064
0.716	0.08263508464876189
0.7170000000000001	0.08234454509220308
0.718	0.08205103207843069
0.7190000000000001	0.08173928525496978
0.72	0.08142753843150893
0.7210000000000001	0.08111579160804802
0.722	0.08080404478458718
0.7230000000000001	0.08049229796112627
0.724	0.08018055113766542
0.7250000000000001	0.0798688043142045
0.726	0.07955705749074365
0.7270000000000001	0.07924531066728274
0.728	0.0789335638438219
0.729	0.07862181702036102
0.73	0.07831007019690014
0.731	0.07800088465184296
0.732	0.07769974146183313
0.733	0.0773985982718233
0.734	0.07709745508181348
0.735	0.07679631189180365
0.736	0.07649516870179382
0.737	0.076194025511784
0.738	0.07589288232177417
0.739	0.07559173913176434
0.74	0.07529059594175451
0.741	0.07498945275174469
0.742	0.07468830956173486
0.743	0.07438716637172503
0.744	0.07408965900991578
0.745	0.073799119453357
0.746	0.07350857989679822
0.747	0.07321804034023943
0.748	0.07292750078368065
0.749	0.07263696122712188
0.75	0.07234642167056309
0.751	0.07205588211400431
0.752	0.07176534255744553
0.753	0.07147480300088674
0.754	0.07118426344432796
0.755	0.07089372388776917
0.756	0.07060318433121039
0.757	0.07031641307704958
0.758	0.07003435642725166
0.759	0.06975229977745372
0.76	0.06947024312765578
0.761	0.06918818647785784
0.762	0.06890612982805991
0.763	0.06862407317826197
0.764	0.06834201652846403
0.765	0.06805995987866609
0.766	0.06777790322886816
0.767	0.06749584657907022
0.768	0.06721378992927228
0.769	0.06693173327947435
0.77	0.06664736265855867
0.771	0.0663610645553803
0.772	0.06607476645220194
0.773	0.06578846834902358
0.774	0.0655021702458452
0.775	0.06521587214266684
0.776	0.06492957403948849
0.777	0.06464327593631011
0.778	0.06435697783313175
0.779	0.06407067972995338
0.78	0.06378438162677502
0.781	0.06349808352359666
0.782	0.06321178542041829
0.783	0.06294332195897714
0.784	0.06268459330277151
0.785	0.062425864646565896
0.786	0.06216713599036027
0.787	0.06190840733415465
0.788	0.061649678677949016
0.789	0.06139095002174339
0.79	0.06113222136553777
0.791	0.06087349270933214
0.792	0.06061476405312652
0.793	0.060356035396920894
0.794	0.06009730674071527
0.795	0.05983857808450964
0.796	0.05956080776257253
0.797	0.059276630386084384
0.798	0.058992453009596234
0.799	0.058708275633108084
0.8	0.058424098256619934
0.801	0.058139920880131785
0.802	0.057855743503643635
0.803	0.057571566127155485
0.804	0.057287388750667335
0.805	0.057003211374179186
0.806	0.056719033997691036
0.807	0.056434856621202886
0.808	0.05615067924471474
0.809	0.05589352759978159
0.81	0.055641161123646594
0.811	0.0553887946475116
0.812	0.055136428171376595
0.8130000000000001	0.0548840616952416
0.8140000000000001	0.0546316952191066
0.8150000000000001	0.0543793287429716
0.8160000000000001	0.0541269622668366
0.8170000000000001	0.053874595790701606
0.8180000000000001	0.0536222293145666
0.8190000000000001	0.053369862838431606
0.8200000000000001	0.05311749636229661
0.8210000000000001	0.05286512988616161
0.8220000000000001	0.052600663657648344
0.8230000000000001	0.052335572821372085
0.8240000000000001	0.052070481985095826
0.8250000000000001	0.05180539114881957
0.826	0.051540300312543336
0.827	0.05127520947626708
0.828	0.05101011863999081
0.829	0.05074502780371455
0.83	0.05047993696743829
0.831	0.05021484613116203
0.832	0.04994975529488577
0.833	0.04968466445860951
0.834	0.04941979523966433
0.835	0.0491589458567685
0.836	0.04889809647387266
0.837	0.048637247090976825
0.838	0.048376397708080984
0.839	0.048115548325185144
0.84	0.04785469894228931
0.841	0.04759384955939347
0.842	0.047333000176497636
0.843	0.047072150793601795
0.844	0.046811301410705955
0.845	0.04655045202781012
0.846	0.04628960264491428
0.847	0.04603103329239289
0.848	0.04578502899632852
0.849	0.04553902470026415
0.85	0.04529302040419978
0.851	0.04504701610813541
0.852	0.044801011812071044
0.853	0.04455500751600668
0.854	0.044309003219942314
0.855	0.044062998923877945
0.856	0.04381699462781358
0.857	0.04357099033174921
0.858	0.04332498603568484
0.859	0.04307898173962047
0.86	0.042831355557803215
0.861	0.04257898908166821
0.862	0.042326622605533215
0.863	0.04207425612939821
0.864	0.04182188965326321
0.865	0.04156952317712821
0.866	0.04131715670099321
0.867	0.04106479022485821
0.868	0.04081242374872321
0.869	0.040560057272588206
0.87	0.04030769079645321
0.871	0.040055324320318206
0.872	0.0398029578441832
0.873	0.039558146753484943
0.874	0.03932698754425205
0.875	0.03909582833501915
0.876	0.038864669125786254
0.877	0.038633509916553364
0.878	0.03840235070732047
0.879	0.03817119149808757
0.88	0.037940032288854675
0.881	0.03770887307962178
0.882	0.03747771387038888
0.883	0.03724655466115599
0.884	0.037015395451923096
0.885	0.0367842362426902
0.886	0.0365433725484268
0.887	0.036291006072291805
0.888	0.03603863959615681
0.889	0.03578627312002181
0.89	0.035533906643886816
0.891	0.03528154016775182
0.892	0.03502917369161682
0.893	0.03477680721548183
0.894	0.03452444073934683
0.895	0.034272074263211834
0.896	0.03401970778707684
0.897	0.03376734131094184
0.898	0.033514974834806845
0.899	0.03328750088638281
0.9	0.03307966967074222
0.901	0.032871838455101623
0.902	0.032664007239461036
0.903	0.03245617602382044
0.904	0.03224834480817985
0.905	0.03204051359253926
0.906	0.031832682376898666
0.907	0.03162485116125807
0.908	0.03141701994561748
0.909	0.03120918872997689
0.91	0.031001357514336296
0.911	0.030793526298695705
0.912	0.030574492935680687
0.913	0.03034969590651842
0.914	0.030124898877356154
0.915	0.02990010184819389
0.916	0.02967530481903162
0.917	0.029450507789869355
0.918	0.02922571076070709
0.919	0.02900091373154482
0.92	0.028776116702382556
0.921	0.02855131967322029
0.922	0.028326522644058022
0.923	0.028101725614895757
0.924	0.02787692858573349
0.925	0.027655361913333586
0.926	0.027434806337551743
0.927	0.0272142507617699
0.928	0.026993695185988056
0.929	0.026773139610206213
0.93	0.02655258403442437
0.931	0.026332028458642524
0.932	0.02611147288286068
0.933	0.025890917307078837
0.934	0.025670361731296994
0.935	0.02544980615551515
0.936	0.025229250579733305
0.937	0.02500869500395146
0.9380000000000001	0.02479179960485072
0.9390000000000001	0.024575485482449286
0.9400000000000001	0.02435917136004785
0.9410000000000001	0.024142857237646417
0.9420000000000001	0.02392654311524498
0.9430000000000001	0.023710228992843547
0.9440000000000001	0.023493914870442112
0.9450000000000001	0.023277600748040674
0.9460000000000001	0.02306128662563924
0.9470000000000001	0.022844972503237804
0.9480000000000001	0.02262865838083637
0.9490000000000001	0.022412344258434934
0.9500000000000001	0.0221960301360335
0.9510000000000001	0.021994031001731612
0.9520000000000001	0.02179256196616166
0.953	0.021591092930591728
0.954	0.021389623895021775
0.955	0.021188154859451823
0.956	0.020986685823881867
0.957	0.020785216788311914
0.958	0.020583747752741962
0.959	0.02038227871717201
0.96	0.020180809681602054
0.961	0.0199793406460321
0.962	0.01977787161046215
0.963	0.019576402574892196
0.964	0.019374933539322237
0.965	0.019173464503752277
0.966	0.018971995468182318
0.967	0.018770526432612362
0.968	0.018569057397042402
0.969	0.018367588361472443
0.97	0.018166119325902483
0.971	0.017964650290332528
0.972	0.017763181254762568
0.973	0.01756171221919261
0.974	0.01736024318362265
0.975	0.017158774148052693
0.976	0.016957305112482734
0.977	0.016755836076912778
0.978	0.016554367041342825
0.979	0.01635289800577287
0.98	0.016151428970202913
0.981	0.015949959934632957
0.982	0.015748490899063005
0.983	0.015547021863493049
0.984	0.015345552827923093
0.985	0.015144083792353139
0.986	0.014942614756783183
0.987	0.014741145721213229
0.988	0.014539676685643273
